0.000000,0.000000,0.000000,1.000000,0.000000,-0.000000,0.000000,1.000000,0.000000,0.000000,0.000000,1.000000
-0.124110,0.056514,0.515781,0.990464,0.012612,0.137196,-0.004393,0.998186,-0.060042,-0.137704,0.058867,0.988722
-0.290465,0.148796,0.619164,0.994252,-0.014082,0.106135,0.011711,0.999668,0.022932,-0.106423,-0.021558,0.994087
-0.417427,0.354321,-0.509145,0.951215,0.019801,-0.307891,0.067585,0.960328,0.270559,0.301034,-0.278168,0.912141
-0.013542,0.016126,-0.010423,0.999915,-0.011288,-0.006541,0.011564,0.998968,0.043923,0.006038,-0.043995,0.999013
-0.022819,0.038903,-0.017564,0.999992,0.003432,-0.002174,-0.003362,0.999496,0.031577,0.002281,-0.031570,0.999499
-0.031084,0.021801,-0.027905,0.999860,0.003217,-0.016391,-0.002857,0.999754,0.021973,0.016458,-0.021923,0.999624
-0.052274,-0.014123,-0.078456,0.999584,0.002565,-0.028744,-0.001536,0.999359,0.035771,0.028817,-0.035712,0.998946
-0.306103,-0.115207,0.823600,0.954946,-0.028985,0.295362,0.081991,0.982252,-0.168695,-0.285230,0.185311,0.940374
-0.110611,-0.040949,-0.324241,0.994193,-0.021885,-0.105361,0.032705,0.994237,0.102095,0.102519,-0.104948,0.989179
-0.109450,-0.012921,-0.184204,0.997536,-0.000678,-0.070154,0.004932,0.998157,0.060484,0.069984,-0.060681,0.995701
-0.090195,-0.014671,0.235896,0.997762,0.011506,0.065873,-0.010792,0.999879,-0.011182,-0.065994,0.010446,0.997765
-0.081929,-0.037740,0.211859,0.997978,0.004511,0.063400,-0.003483,0.999861,-0.016313,-0.063465,0.016059,0.997855
-0.020252,0.014555,-0.005239,0.999990,0.004456,-0.000141,-0.004451,0.999670,0.025287,0.000254,-0.025286,0.999680
-0.039362,0.026417,-0.066226,0.999676,0.004463,-0.025075,-0.003511,0.999276,0.037881,0.025225,-0.037781,0.998968
-0.351634,0.638811,-0.814957,0.913319,0.104583,-0.393586,0.007154,0.962193,0.272273,0.407181,-0.251488,0.878042
-0.350965,0.640073,-0.814386,0.913224,0.105904,-0.393453,0.005196,0.962526,0.271140,0.407424,-0.249656,0.878452
-0.350237,0.638880,-0.809298,0.913918,0.105891,-0.391843,0.004658,0.962572,0.270987,0.405872,-0.249485,0.879219
-0.351917,0.640084,-0.814187,0.912991,0.107641,-0.393523,0.003845,0.962253,0.272128,0.407961,-0.249963,0.878115
-0.351747,0.637105,-0.812341,0.912823,0.106309,-0.394274,0.003882,0.963215,0.268702,0.408336,-0.246808,0.878833
-0.347717,0.638341,-0.810669,0.912919,0.107014,-0.393862,0.003963,0.962644,0.270741,0.408122,-0.248725,0.878392
-0.352124,0.641438,-0.814166,0.912454,0.108202,-0.394613,0.004500,0.961691,0.274099,0.409154,-0.251879,0.877012
-0.352483,0.640447,-0.813853,0.913186,0.108510,-0.392832,0.002356,0.962481,0.271339,0.407536,-0.248709,0.878668
-0.352593,0.645220,-0.813834,0.912536,0.109250,-0.394134,0.003446,0.961576,0.274518,0.408981,-0.251866,0.877097
-0.356840,0.642349,-0.813163,0.912400,0.107803,-0.394847,0.004155,0.962202,0.272305,0.409278,-0.250092,0.877465
-0.354687,0.641995,-0.815675,0.911339,0.108882,-0.396997,0.003751,0.962150,0.272494,0.411640,-0.249823,0.876436
-0.350008,0.635838,-0.810553,0.912637,0.109209,-0.393912,0.000813,0.963164,0.268913,0.408770,-0.245740,0.878931
-0.350653,0.638842,-0.814329,0.911920,0.109030,-0.395619,0.004270,0.961485,0.274823,0.410346,-0.252305,0.876332
-0.352730,0.637084,-0.810676,0.911921,0.109832,-0.395394,0.002854,0.961797,0.273749,0.410355,-0.250767,0.876770
-0.350631,0.640079,-0.810540,0.911258,0.107999,-0.397422,0.005658,0.961629,0.274296,0.411797,-0.252203,0.875681
-0.348947,0.637571,-0.814351,0.913193,0.106536,-0.393355,0.004863,0.962308,0.271919,0.407498,-0.250227,0.878255
-0.352991,0.638899,-0.815846,0.912463,0.108212,-0.394589,0.004047,0.961958,0.273166,0.409138,-0.250851,0.877314
-0.353018,0.639876,-0.815173,0.912692,0.108183,-0.394069,0.002986,0.962530,0.271158,0.408638,-0.248660,0.878170
-0.357941,0.640168,-0.809706,0.911723,0.109724,-0.395880,0.003744,0.961411,0.275091,0.410787,-0.252288,0.876130
-0.352599,0.642883,-0.812040,0.911935,0.110888,-0.395067,0.002440,0.961311,0.275455,0.410327,-0.252161,0.876383
-0.357321,0.638462,-0.814993,0.912450,0.108535,-0.394532,0.002591,0.962630,0.270808,0.409180,-0.248121,0.878070
-0.351569,0.638644,-0.811920,0.911660,0.109865,-0.395987,0.001888,0.962470,0.271381,0.410941,-0.248154,0.877238
-0.351296,0.637838,-0.813708,0.912110,0.110658,-0.394727,-0.000302,0.963060,0.269287,0.409945,-0.245500,0.878450
-0.353320,0.641352,-0.815877,0.911918,0.107960,-0.395917,0.004914,0.961832,0.273596,0.410343,-0.251443,0.876581
-0.352884,0.639071,-0.812470,0.912519,0.110237,-0.393899,0.001725,0.961953,0.273210,0.409030,-0.249988,0.877610
-0.354235,0.638589,-0.816848,0.913381,0.102046,-0.394109,0.007489,0.963699,0.266886,0.407037,-0.246720,0.879460
-0.350990,0.638374,-0.816205,0.912877,0.107777,-0.393749,0.003179,0.962614,0.270858,0.408221,-0.248512,0.878406
-0.351444,0.638068,-0.811849,0.912594,0.108265,-0.394271,0.003068,0.962464,0.271390,0.408854,-0.248879,0.878008
-0.355261,0.642503,-0.816183,0.912690,0.107850,-0.394165,0.002779,0.962885,0.269897,0.408644,-0.247428,0.878516
-0.355401,0.640777,-0.813112,0.911709,0.108564,-0.396232,0.004804,0.961571,0.274515,0.410808,-0.252182,0.876151
-0.353429,0.639970,-0.811856,0.911823,0.108733,-0.395924,0.003154,0.962413,0.271572,0.410572,-0.248875,0.877207
-0.352248,0.640744,-0.814134,0.912655,0.109244,-0.393860,0.002312,0.962225,0.272245,0.408723,-0.249377,0.877927
-0.352599,0.642841,-0.814206,0.912559,0.108738,-0.394223,0.003653,0.961795,0.273747,0.408929,-0.251250,0.877297
-0.351878,0.635512,-0.809503,0.911568,0.107660,-0.396803,0.003961,0.962764,0.270315,0.411129,-0.247983,0.877198
-0.352509,0.638312,-0.813245,0.912625,0.109095,-0.393973,0.002251,0.962377,0.271707,0.408792,-0.248854,0.878044
-0.353321,0.640012,-0.812113,0.913049,0.109047,-0.393001,0.001079,0.962945,0.269697,0.407848,-0.246670,0.879098
-0.349389,0.636297,-0.813246,0.912598,0.101973,-0.395937,0.008287,0.963585,0.267272,0.408774,-0.247193,0.878521
-0.352863,0.639423,-0.813417,0.912096,0.108594,-0.395332,0.002598,0.962732,0.270446,0.409968,-0.247699,0.877822
-0.347539,0.636233,-0.808138,0.912399,0.106903,-0.395094,0.004881,0.962379,0.271668,0.409272,-0.249799,0.877552
-0.351788,0.642789,-0.810915,0.911800,0.110066,-0.395608,0.003464,0.961312,0.275441,0.410619,-0.252518,0.876143
-0.353263,0.639245,-0.813034,0.912379,0.108360,-0.394744,0.001986,0.963144,0.268980,0.409342,-0.246196,0.878537
-0.351007,0.638700,-0.814098,0.912283,0.109534,-0.394641,0.001961,0.962395,0.271647,0.409555,-0.248593,0.877762
-0.350491,0.637127,-0.811669,0.912331,0.109251,-0.394609,0.002683,0.962130,0.272578,0.409445,-0.249740,0.877488
-0.350200,0.634963,-0.812161,0.912216,0.108637,-0.395044,0.002506,0.962708,0.270530,0.409701,-0.247772,0.877926
-0.351961,0.641541,-0.813240,0.912303,0.111164,-0.394140,0.001833,0.961334,0.275379,0.409512,-0.251952,0.876824
-0.350382,0.634452,-0.811446,0.912751,0.105978,-0.394531,0.005484,0.962498,0.271232,0.408480,-0.249731,0.877940
-0.348835,0.635352,-0.812483,0.913458,0.105841,-0.392928,0.004918,0.962641,0.270737,0.406903,-0.249239,0.878811
-0.350815,0.636673,-0.809930,0.912593,0.106617,-0.394725,0.004582,0.962676,0.270616,0.408844,-0.248770,0.878043
-0.349582,0.638870,-0.809854,0.913040,0.108767,-0.393099,0.002859,0.962057,0.272832,0.407859,-0.250230,0.878086
-0.354116,0.632809,-0.811279,0.913025,0.102863,-0.394720,0.007239,0.963443,0.267817,0.407839,-0.247381,0.878903
-0.353051,0.638061,-0.808218,0.912153,0.107748,-0.395432,0.003953,0.962466,0.271372,0.409830,-0.249095,0.877491
-0.353251,0.638632,-0.812150,0.912491,0.108430,-0.394465,0.002392,0.962805,0.270188,0.409089,-0.247488,0.878291
-0.353863,0.637674,-0.811404,0.911516,0.108429,-0.396713,0.002962,0.962863,0.269974,0.411253,-0.247261,0.877344
-0.351850,0.641204,-0.811911,0.911892,0.109442,-0.395570,0.003723,0.961548,0.274613,0.410413,-0.251890,0.876420
-0.353642,0.643592,-0.811987,0.911608,0.109735,-0.396142,0.003796,0.961421,0.275056,0.411042,-0.252247,0.876023
-0.350330,0.641833,-0.813168,0.912900,0.109590,-0.393197,0.002710,0.961636,0.274314,0.408174,-0.251487,0.877581
-0.354422,0.642381,-0.810462,0.912309,0.109158,-0.394686,0.002961,0.962034,0.272914,0.409492,-0.250150,0.877349
-0.356951,0.642448,-0.810081,0.912046,0.109591,-0.395172,0.002155,0.962336,0.271854,0.410081,-0.248795,0.877459
-0.351791,0.636568,-0.815757,0.912543,0.108945,-0.394202,0.003010,0.962053,0.272847,0.408969,-0.250171,0.877587
-0.350573,0.637265,-0.810044,0.911636,0.109626,-0.396109,0.003419,0.961715,0.274029,0.410985,-0.251169,0.876359
-0.348594,0.638160,-0.810516,0.911925,0.110864,-0.395098,0.001526,0.961892,0.273426,0.410355,-0.249947,0.877004
-0.352746,0.640936,-0.809651,0.911944,0.109521,-0.395429,0.002131,0.962442,0.271479,0.410310,-0.248416,0.877459
-0.352904,0.640168,-0.811116,0.911465,0.109914,-0.396422,0.003975,0.961247,0.275660,0.411358,-0.252831,0.875706
-0.352299,0.639801,-0.810580,0.911850,0.108195,-0.396009,0.005737,0.961192,0.275820,0.410484,-0.253778,0.875842
-0.353860,0.641434,-0.813463,0.912154,0.107895,-0.395391,0.005024,0.961710,0.274024,0.409817,-0.251939,0.876685
-0.349598,0.637974,-0.811559,0.911892,0.108462,-0.395840,0.004284,0.961882,0.273431,0.410408,-0.251035,0.876668
-0.354904,0.640487,-0.815244,0.911925,0.108481,-0.395758,0.003722,0.962198,0.272325,0.410339,-0.249813,0.877049
-0.351594,0.639571,-0.813026,0.912029,0.108754,-0.395443,0.004657,0.961393,0.275141,0.410099,-0.252778,0.876312
-0.349628,0.639679,-0.811941,0.912058,0.107177,-0.395807,0.005322,0.962064,0.272772,0.410027,-0.250891,0.876887
-0.346934,0.637930,-0.811339,0.911409,0.110543,-0.396376,0.003079,0.961384,0.275195,0.411491,-0.252036,0.875873
-0.345909,0.634114,-0.813435,0.912149,0.108024,-0.395366,0.005275,0.961468,0.274867,0.409824,-0.252805,0.876432
-0.342255,0.630740,-0.818112,0.913263,0.106327,-0.393249,0.004857,0.962426,0.271501,0.407341,-0.249862,0.878432
-0.341731,0.632240,-0.822409,0.912538,0.105451,-0.395163,0.007534,0.961691,0.274031,0.408922,-0.253041,0.876786
-0.338885,0.630243,-0.818206,0.913706,0.103743,-0.392911,0.007570,0.962352,0.271701,0.406306,-0.251229,0.878521
-0.332728,0.627008,-0.822969,0.913239,0.101249,-0.394643,0.010646,0.962368,0.271540,0.407285,-0.252182,0.877794
-0.332485,0.626252,-0.819878,0.913253,0.099688,-0.395008,0.012388,0.962356,0.271510,0.407204,-0.252850,0.877639
-0.334001,0.625373,-0.820922,0.913950,0.101530,-0.392921,0.009368,0.962663,0.270542,0.405718,-0.250943,0.878874
-0.335792,0.629496,-0.823617,0.913384,0.101019,-0.394367,0.011759,0.961772,0.273598,0.406930,-0.254538,0.877279
-0.333053,0.626179,-0.824632,0.912762,0.099186,-0.396268,0.012750,0.962684,0.270329,0.408293,-0.251798,0.877436
-0.335352,0.625577,-0.831608,0.913256,0.092843,-0.396667,0.018976,0.962934,0.269071,0.406945,-0.253257,0.877642
-0.328053,0.614886,-0.826188,0.912831,0.083584,-0.399691,0.025827,0.965048,0.260796,0.407519,-0.248386,0.878767
-0.328686,0.615048,-0.818443,0.912788,0.076498,-0.401206,0.034898,0.964104,0.263222,0.406940,-0.254267,0.877353
-0.330166,0.616718,-0.820954,0.911318,0.069855,-0.405733,0.042063,0.964545,0.260544,0.409549,-0.254504,0.876069
-0.326185,0.612220,-0.817750,0.912323,0.062453,-0.404680,0.049253,0.964387,0.259869,0.406497,-0.257016,0.876757
-0.335142,0.611587,-0.818281,0.910975,0.053666,-0.408954,0.056979,0.965619,0.253640,0.408506,-0.254362,0.876597
-0.341522,0.610074,-0.822952,0.911623,0.044969,-0.408561,0.065595,0.965342,0.252613,0.405760,-0.257087,0.877077
-0.337345,0.603459,-0.822017,0.909632,0.032702,-0.414126,0.077320,0.966148,0.246128,0.408155,-0.255906,0.876311
-0.342770,0.599068,-0.827197,0.908212,0.013814,-0.418283,0.094204,0.967059,0.236481,0.407771,-0.254178,0.876993
-0.341403,0.594733,-0.829320,0.908223,0.002695,-0.418478,0.102280,0.968224,0.228214,0.405795,-0.250071,0.879087
-0.347123,0.592141,-0.828228,0.905250,-0.013377,-0.424670,0.120281,0.966686,0.225946,0.407500,-0.255617,0.876700
-0.349088,0.590225,-0.830609,0.902920,-0.028310,-0.428875,0.134860,0.966098,0.220152,0.408103,-0.256618,0.876127
-0.345027,0.579242,-0.825649,0.900929,-0.045004,-0.431626,0.151561,0.964609,0.215775,0.406640,-0.259815,0.875865
-0.345322,0.575445,-0.825890,0.898539,-0.057953,-0.435050,0.163409,0.964152,0.209065,0.407338,-0.258944,0.875798
-0.349961,0.575812,-0.833880,0.896774,-0.070863,-0.436778,0.176920,0.962181,0.207139,0.405581,-0.263031,0.875396
-0.345838,0.565284,-0.838248,0.892779,-0.086221,-0.442167,0.193035,0.960058,0.202550,0.407042,-0.266186,0.873763
-0.348459,0.566063,-0.832355,0.889895,-0.096553,-0.445831,0.203663,0.958622,0.198911,0.408177,-0.267809,0.872737
-0.340600,0.561270,-0.840860,0.889372,-0.109190,-0.443954,0.213575,0.957817,0.192280,0.404231,-0.265826,0.875176
-0.342321,0.550352,-0.839047,0.885494,-0.124961,-0.447533,0.228323,0.955873,0.184863,0.404684,-0.265878,0.874951
-0.347464,0.553091,-0.846477,0.886283,-0.133610,-0.443453,0.237309,0.953251,0.187075,0.397727,-0.271037,0.876557
-0.344770,0.542153,-0.845152,0.882718,-0.143381,-0.447494,0.242694,0.954575,0.172877,0.402379,-0.261206,0.877418
-0.339795,0.529598,-0.850429,0.877494,-0.156066,-0.453484,0.258087,0.950645,0.172236,0.404222,-0.268174,0.874464
-0.341695,0.529917,-0.849882,0.873888,-0.165092,-0.457235,0.267482,0.948682,0.168688,0.405922,-0.269717,0.873201
-0.338356,0.526935,-0.845005,0.870757,-0.177080,-0.458721,0.280507,0.945102,0.167628,0.403854,-0.274637,0.872626
-0.341037,0.523512,-0.835578,0.868230,-0.192539,-0.457280,0.291146,0.943985,0.155327,0.401759,-0.267994,0.875653
-0.340602,0.518665,-0.846322,0.862413,-0.207514,-0.461717,0.306915,0.939693,0.150932,0.402551,-0.271874,0.874092
-0.347186,0.510966,-0.854629,0.860463,-0.214213,-0.462295,0.313628,0.937746,0.149230,0.401548,-0.273395,0.874079
-0.332262,0.500560,-0.838778,0.857466,-0.226281,-0.462114,0.321666,0.936716,0.138183,0.401601,-0.267134,0.875988
-0.339309,0.491821,-0.850523,0.850407,-0.240786,-0.467793,0.337838,0.931518,0.134682,0.403328,-0.272572,0.873516
-0.340666,0.490674,-0.857335,0.849024,-0.248839,-0.466087,0.343345,0.930345,0.128735,0.401587,-0.269328,0.875323
-0.338426,0.481676,-0.859582,0.846668,-0.264575,-0.461686,0.353753,0.928001,0.116932,0.397507,-0.262325,0.879303
-0.341371,0.479433,-0.850448,0.842284,-0.278743,-0.461367,0.366636,0.923685,0.111279,0.395140,-0.262883,0.880203
-0.336321,0.471998,-0.850265,0.835206,-0.294942,-0.464155,0.382995,0.917641,0.106060,0.394646,-0.266351,0.879381
-0.342981,0.467730,-0.857028,0.828757,-0.304513,-0.469504,0.393808,0.913437,0.102700,0.397589,-0.270007,0.876937
-0.346614,0.471934,-0.856993,0.825419,-0.314182,-0.469013,0.404516,0.908689,0.103200,0.393763,-0.274906,0.877141
-0.346041,0.455958,-0.852790,0.818564,-0.324936,-0.473677,0.412665,0.906282,0.091431,0.399576,-0.270312,0.875939
-0.350790,0.467528,-0.856901,0.810596,-0.336075,-0.479571,0.426949,0.899667,0.091182,0.400810,-0.278664,0.872753
-0.360599,0.463012,-0.855218,0.801161,-0.351967,-0.484005,0.440154,0.894520,0.078083,0.405470,-0.275594,0.871574
-0.356851,0.454145,-0.854557,0.793943,-0.370762,-0.481861,0.458557,0.885565,0.074159,0.399224,-0.279839,0.873104
-0.368943,0.457879,-0.864656,0.789683,-0.386774,-0.476242,0.471111,0.879535,0.066872,0.393007,-0.277171,0.876768
-0.374632,0.446700,-0.864343,0.782915,-0.401872,-0.474913,0.483379,0.873507,0.057708,0.391649,-0.274743,0.878138
-0.376381,0.450530,-0.857131,0.774393,-0.414954,-0.477629,0.498488,0.865041,0.056682,0.389648,-0.281986,0.876731
-0.375373,0.448134,-0.854350,0.768757,-0.423169,-0.479522,0.507229,0.860108,0.054146,0.389528,-0.284853,0.875858
-0.375590,0.451488,-0.857069,0.761864,-0.429593,-0.484782,0.516901,0.854255,0.055337,0.390355,-0.292743,0.872882
-0.381145,0.445737,-0.864130,0.754689,-0.442192,-0.484677,0.523503,0.851149,0.038604,0.395462,-0.282864,0.873841
-0.383881,0.433610,-0.861111,0.745888,-0.459410,-0.482281,0.536649,0.843386,0.026582,0.394537,-0.278643,0.875613
-0.390181,0.445773,-0.864606,0.740939,-0.472160,-0.477571,0.547139,0.836763,0.021590,0.389420,-0.277294,0.878328
-0.388549,0.436739,-0.851488,0.730222,-0.488955,-0.477177,0.564748,0.825049,0.018818,0.384493,-0.283226,0.878606
-0.396262,0.432887,-0.862442,0.720205,-0.505639,-0.475009,0.578645,0.815527,0.009222,0.382720,-0.281503,0.879933
-0.393369,0.424461,-0.858070,0.709168,-0.520338,-0.475740,0.592782,0.805358,0.002783,0.381694,-0.283984,0.879581
-0.396020,0.422039,-0.858120,0.699121,-0.531126,-0.478680,0.603250,0.797542,-0.003865,0.383820,-0.286062,0.877981
-0.398641,0.415381,-0.849856,0.688056,-0.547576,-0.476171,0.616692,0.787080,-0.014003,0.382452,-0.284016,0.879241
-0.404825,0.410492,-0.854760,0.674896,-0.566903,-0.472373,0.632824,0.773903,-0.024637,0.379538,-0.282302,0.881054
-0.407184,0.401424,-0.846747,0.659649,-0.582424,-0.475021,0.649800,0.759554,-0.028932,0.377655,-0.289584,0.879499
-0.407094,0.395548,-0.843297,0.645076,-0.599661,-0.473586,0.662954,0.747403,-0.043355,0.379959,-0.285998,0.879680
-0.419859,0.393570,-0.838466,0.635371,-0.615422,-0.466432,0.675155,0.735892,-0.051263,0.374793,-0.282343,0.883070
-0.426216,0.390218,-0.850073,0.620882,-0.626378,-0.471335,0.687359,0.724091,-0.056831,0.376887,-0.288691,0.880121
-0.422791,0.384353,-0.843777,0.606672,-0.640820,-0.470424,0.699681,0.711338,-0.066670,0.377354,-0.288699,0.879919
-0.425445,0.373195,-0.841461,0.599066,-0.653991,-0.461970,0.708115,0.702039,-0.075589,0.373755,-0.281846,0.883668
-0.435713,0.368612,-0.848061,0.587607,-0.667789,-0.456920,0.717562,0.691022,-0.087133,0.373928,-0.276668,0.885230
-0.440393,0.372701,-0.843198,0.580300,-0.674513,-0.456381,0.726835,0.681731,-0.083384,0.367373,-0.283327,0.885869
-0.438036,0.360809,-0.837099,0.561345,-0.686789,-0.461750,0.739211,0.666969,-0.093374,0.372101,-0.288916,0.882082
-0.448083,0.356104,-0.843961,0.547373,-0.695958,-0.464785,0.746574,0.657029,-0.104588,0.378167,-0.289748,0.879225
-0.446156,0.343351,-0.845825,0.535492,-0.711983,-0.454235,0.760071,0.640752,-0.108298,0.368158,-0.287258,0.884275
-0.450757,0.346692,-0.845033,0.516761,-0.725789,-0.454080,0.772202,0.624162,-0.118848,0.369678,-0.289225,0.882999
-0.456938,0.333076,-0.841178,0.495193,-0.739391,-0.456164,0.784334,0.606287,-0.131284,0.373636,-0.292774,0.880158
-0.472320,0.330691,-0.839711,0.483027,-0.748330,-0.454628,0.793521,0.593605,-0.134003,0.370148,-0.296030,0.880543
-0.471939,0.322836,-0.835706,0.467898,-0.761740,-0.448133,0.802466,0.578634,-0.145709,0.370297,-0.291434,0.882012
-0.474453,0.315677,-0.831011,0.451723,-0.775667,-0.440779,0.814289,0.560328,-0.151539,0.364525,-0.290468,0.884731
-0.477118,0.311672,-0.830430,0.437357,-0.785356,-0.438103,0.822437,0.546360,-0.158386,0.363751,-0.291041,0.884861
-0.484834,0.302358,-0.833467,0.425277,-0.795782,-0.431128,0.830658,0.532329,-0.163196,0.359371,-0.288716,0.887409
-0.491466,0.301270,-0.830925,0.412157,-0.801724,-0.432857,0.837758,0.520237,-0.165872,0.358172,-0.294264,0.886071
-0.494622,0.295217,-0.836249,0.397844,-0.811335,-0.428317,0.844396,0.506373,-0.174872,0.358768,-0.292097,0.886546
-0.509212,0.290926,-0.843603,0.386696,-0.817213,-0.427351,0.848990,0.496417,-0.181065,0.360113,-0.292800,0.885769
-0.510443,0.280029,-0.838929,0.365985,-0.825866,-0.428952,0.857423,0.478426,-0.189561,0.361773,-0.298417,0.883214
-0.513491,0.275000,-0.837728,0.354430,-0.833552,-0.423757,0.864218,0.465057,-0.191960,0.357080,-0.298182,0.885201
-0.516333,0.267208,-0.831243,0.342474,-0.842901,-0.415006,0.869472,0.451711,-0.199940,0.355992,-0.292362,0.887578
-0.527329,0.270723,-0.849328,0.331263,-0.851282,-0.406919,0.873930,0.439399,-0.207786,0.355684,-0.286786,0.889518
-0.533319,0.260636,-0.839049,0.315560,-0.860111,-0.400788,0.877654,0.425130,-0.221331,0.360757,-0.281910,0.889034
-0.531531,0.254658,-0.830565,0.298229,-0.865013,-0.403499,0.887530,0.406857,-0.216234,0.351212,-0.293630,0.889062
-0.539140,0.240237,-0.834031,0.280623,-0.875520,-0.393340,0.891670,0.389463,-0.230743,0.355211,-0.285977,0.889967
-0.540487,0.232876,-0.838190,0.266552,-0.881528,-0.389690,0.896247,0.375424,-0.236215,0.354529,-0.286295,0.890137
-0.545843,0.228597,-0.836100,0.247579,-0.887945,-0.387630,0.901207,0.357943,-0.244341,0.355711,-0.288841,0.888842
-0.558799,0.218619,-0.827981,0.238484,-0.892669,-0.382450,0.901085,0.350264,-0.255656,0.362175,-0.283650,0.887903
-0.556803,0.212777,-0.823324,0.229871,-0.895940,-0.380066,0.905407,0.340095,-0.254111,0.356927,-0.285701,0.889369
-0.564306,0.207431,-0.833682,0.229155,-0.892973,-0.387411,0.907424,0.339999,-0.246947,0.352236,-0.294957,0.888217
-0.562449,0.196504,-0.826877,0.226277,-0.893089,-0.388832,0.909264,0.336829,-0.244511,0.349340,-0.298223,0.888270
-0.567253,0.185347,-0.838425,0.227121,-0.891972,-0.390899,0.908212,0.338880,-0.245584,0.351522,-0.299241,0.887066
-0.568762,0.176647,-0.838007,0.221398,-0.890302,-0.397927,0.908573,0.336542,-0.247454,0.354228,-0.306760,0.883414
-0.571002,0.166544,-0.837255,0.221630,-0.891661,-0.394741,0.909373,0.335129,-0.246434,0.352025,-0.304349,0.885127
-0.575783,0.150588,-0.840074,0.225402,-0.897482,-0.379104,0.905663,0.336448,-0.258025,0.359122,-0.285181,0.888652
-0.588325,0.139433,-0.842411,0.227545,-0.897653,-0.377414,0.900943,0.341138,-0.268191,0.369493,-0.279003,0.886359
-0.582873,0.128334,-0.846196,0.225242,-0.897087,-0.380132,0.904432,0.337605,-0.260817,0.362310,-0.285057,0.887397
-0.591092,0.112270,-0.847716,0.224884,-0.899382,-0.374884,0.905894,0.334681,-0.259509,0.358865,-0.281246,0.890009
-0.597834,0.100282,-0.848418,0.213833,-0.898975,-0.382256,0.908156,0.327106,-0.261256,0.359900,-0.291283,0.886355
-0.597946,0.093115,-0.851223,0.203682,-0.905236,-0.372909,0.910388,0.315238,-0.267990,0.360149,-0.284907,0.888324
-0.607987,0.081729,-0.851857,0.190996,-0.908651,-0.371312,0.914592,0.302093,-0.268816,0.356431,-0.288256,0.888744
-0.609086,0.076207,-0.845367,0.179562,-0.913916,-0.364025,0.918183,0.288527,-0.271464,0.353127,-0.285497,0.890951
-0.615476,0.064057,-0.846944,0.161692,-0.919897,-0.357274,0.921219,0.270517,-0.279600,0.353852,-0.283918,0.891167
-0.628303,0.053669,-0.855190,0.145580,-0.925406,-0.349899,0.924150,0.253460,-0.285843,0.353206,-0.281746,0.892112
-0.637991,0.054139,-0.853033,0.130852,-0.928614,-0.347207,0.926839,0.238900,-0.289650,0.351921,-0.283903,0.891936
-0.641651,0.042521,-0.857179,0.121684,-0.934297,-0.335084,0.927498,0.227253,-0.296822,0.353468,-0.274671,0.894212
-0.645661,0.031597,-0.858070,0.106843,-0.935723,-0.336164,0.928713,0.214662,-0.302346,0.355073,-0.279896,0.891953
-0.656486,0.024986,-0.856870,0.090642,-0.939902,-0.329193,0.927094,0.200358,-0.316785,0.363703,-0.276479,0.889539
-0.652906,0.018520,-0.847036,0.076359,-0.944858,-0.318452,0.934604,0.179104,-0.307307,0.347397,-0.274160,0.896745
-0.664039,0.012175,-0.850908,0.052400,-0.947082,-0.316684,0.937566,0.155844,-0.310939,0.343838,-0.280619,0.896118
-0.675485,0.010687,-0.855126,0.029563,-0.949461,-0.312489,0.934952,0.136840,-0.327321,0.353540,-0.282486,0.891746
-0.684982,-0.000316,-0.848468,0.011172,-0.950894,-0.309313,0.935814,0.118932,-0.331823,0.352316,-0.285753,0.891189
-0.686669,-0.007469,-0.840475,-0.007037,-0.954474,-0.298209,0.936015,0.098655,-0.337852,0.351890,-0.281506,0.892708
-0.699658,-0.004197,-0.845395,-0.024865,-0.956140,-0.291852,0.935954,0.080309,-0.342841,0.351242,-0.281685,0.892906
-0.705992,-0.014439,-0.842689,-0.047717,-0.958105,-0.282415,0.936574,0.055364,-0.346068,0.347205,-0.281016,0.894695
-0.715945,-0.020365,-0.845953,-0.066544,-0.960149,-0.271451,0.933174,0.036418,-0.357576,0.353212,-0.277106,0.893562
-0.730142,-0.020436,-0.845985,-0.088873,-0.960050,-0.265338,0.932564,0.013377,-0.360758,0.349895,-0.279507,0.894119
-0.732602,-0.021712,-0.840343,-0.103593,-0.962507,-0.250695,0.933288,-0.006928,-0.359061,0.343862,-0.271167,0.899014
-0.744045,-0.024299,-0.841993,-0.116194,-0.960392,-0.253271,0.930354,-0.015957,-0.366315,0.347764,-0.278195,0.895359
-0.750747,-0.030777,-0.845795,-0.128336,-0.961106,-0.244551,0.928866,-0.030092,-0.369191,0.347473,-0.274535,0.896600
-0.754602,-0.030925,-0.836356,-0.134432,-0.959445,-0.247774,0.928613,-0.034710,-0.369423,0.345841,-0.279748,0.895620
-0.758552,-0.043988,-0.836619,-0.131785,-0.961368,-0.241667,0.928812,-0.034579,-0.368936,0.346327,-0.273084,0.897487
-0.758613,-0.043346,-0.828976,-0.137837,-0.961039,-0.239592,0.927228,-0.040162,-0.372337,0.348208,-0.273478,0.896639
-0.765385,-0.054090,-0.831455,-0.140684,-0.959818,-0.242810,0.926337,-0.041050,-0.374453,0.349439,-0.277603,0.894890
-0.787886,-0.058987,-0.839936,-0.139212,-0.961637,-0.236374,0.921036,-0.038058,-0.387614,0.363748,-0.271670,0.891001
-0.781652,-0.067545,-0.819671,-0.136666,-0.960928,-0.240704,0.928083,-0.039238,-0.370301,0.346388,-0.274001,0.897183
-0.796959,-0.072230,-0.840316,-0.140071,-0.960182,-0.241724,0.925128,-0.039910,-0.377552,0.352871,-0.276510,0.893881
-0.794747,-0.082684,-0.843123,-0.148950,-0.959230,-0.240188,0.924084,-0.048570,-0.379092,0.351971,-0.278420,0.893643
-0.788546,-0.092689,-0.821475,-0.151361,-0.959385,-0.238053,0.925804,-0.053203,-0.374242,0.346378,-0.277036,0.896255
-0.808142,-0.101312,-0.830839,-0.157459,-0.961365,-0.225793,0.919148,-0.059074,-0.389459,0.361074,-0.268861,0.892938
-0.813206,-0.106743,-0.817832,-0.174156,-0.957329,-0.230630,0.921999,-0.076278,-0.379605,0.345815,-0.278751,0.895940
-0.821525,-0.104974,-0.834972,-0.185295,-0.956620,-0.224818,0.920381,-0.088780,-0.380810,0.344331,-0.277481,0.896906
-0.821056,-0.113891,-0.826957,-0.194395,-0.956182,-0.218918,0.919371,-0.099790,-0.380525,0.342005,-0.275239,0.898485
-0.830686,-0.114525,-0.827270,-0.204672,-0.954395,-0.217344,0.916066,-0.108534,-0.386063,0.344867,-0.278118,0.896502
-0.831900,-0.108067,-0.822735,-0.208169,-0.952334,-0.222991,0.917587,-0.111207,-0.381664,0.338673,-0.284064,0.896999
-0.832492,-0.103553,-0.828057,-0.216521,-0.952566,-0.213861,0.914620,-0.121305,-0.385689,0.341452,-0.279111,0.897500
-0.824948,-0.114439,-0.799225,-0.225578,-0.954190,-0.196557,0.914171,-0.137578,-0.381267,0.336759,-0.265692,0.903327
-0.847557,-0.100400,-0.835831,-0.242585,-0.948752,-0.202535,0.905316,-0.146361,-0.398725,0.348648,-0.280083,0.894426
-0.870874,-0.098141,-0.868644,-0.236274,-0.959182,-0.155382,0.899544,-0.155452,-0.408235,0.367417,-0.236228,0.899556
-0.845104,-0.104563,-0.833367,-0.262899,-0.947584,-0.181570,0.902361,-0.174875,-0.393908,0.341508,-0.267400,0.901038
-0.852756,-0.093288,-0.840068,-0.292114,-0.938882,-0.182122,0.892662,-0.199315,-0.404264,0.343256,-0.280665,0.896327
-0.856891,-0.089160,-0.835104,-0.313999,-0.931989,-0.181109,0.885908,-0.219014,-0.408901,0.341426,-0.288840,0.894427
-0.849213,-0.094669,-0.800786,-0.343754,-0.922569,-0.175211,0.881164,-0.252396,-0.399807,0.324627,-0.291824,0.899697
-0.858595,-0.083911,-0.813096,-0.363179,-0.918270,-0.157733,0.868617,-0.272453,-0.413854,0.337055,-0.287312,0.896574
-0.856609,-0.089435,-0.790478,-0.374848,-0.914850,-0.150123,0.866878,-0.288474,-0.406578,0.328652,-0.282544,0.901197
-0.866937,-0.078209,-0.810955,-0.385127,-0.912099,-0.140538,0.858505,-0.298217,-0.417178,0.338596,-0.281319,0.897893
-0.866786,-0.083747,-0.804823,-0.399728,-0.907866,-0.126474,0.851226,-0.316469,-0.418643,0.340047,-0.275001,0.899301
-0.874507,-0.078517,-0.805370,-0.410836,-0.902481,-0.129386,0.851164,-0.328817,-0.409146,0.326702,-0.278220,0.903249
-0.881517,-0.072449,-0.811936,-0.418791,-0.898992,-0.128168,0.845156,-0.334243,-0.417126,0.332154,-0.283010,0.899766
-0.877838,-0.069506,-0.798655,-0.425868,-0.897338,-0.115843,0.837677,-0.342647,-0.425312,0.341956,-0.278165,0.897602
-0.881699,-0.064238,-0.803480,-0.439705,-0.890574,-0.116345,0.833817,-0.356632,-0.421383,0.333780,-0.282295,0.899389
-0.887211,-0.062074,-0.808895,-0.452427,-0.883229,-0.123349,0.828166,-0.364795,-0.425518,0.330833,-0.294669,0.896504
-0.889367,-0.064913,-0.800891,-0.454670,-0.883871,-0.109756,0.823764,-0.370460,-0.429153,0.338655,-0.285536,0.896538
-0.896977,-0.072490,-0.798782,-0.462254,-0.880158,-0.107897,0.820943,-0.378772,-0.427299,0.335222,-0.286098,0.897649
-0.893656,-0.070488,-0.787937,-0.467517,-0.878914,-0.094533,0.816762,-0.388583,-0.426502,0.338125,-0.276608,0.899533
-0.895194,-0.075958,-0.776310,-0.476526,-0.874341,-0.091921,0.813780,-0.399104,-0.422469,0.332696,-0.276121,0.901704
-0.898983,-0.078359,-0.770850,-0.476911,-0.873763,-0.095358,0.814031,-0.398158,-0.422876,0.331525,-0.279299,0.901156
-0.906167,-0.086365,-0.781485,-0.478998,-0.872946,-0.092335,0.812185,-0.400818,-0.423913,0.333044,-0.278047,0.900984
-0.906880,-0.094254,-0.763655,-0.479527,-0.872171,-0.096805,0.816659,-0.403172,-0.412941,0.321126,-0.277073,0.905598
-0.926031,-0.092379,-0.772331,-0.477193,-0.873813,-0.093466,0.812586,-0.398235,-0.425575,0.334652,-0.279031,0.900083
-0.924635,-0.104316,-0.760236,-0.479911,-0.872553,-0.091299,0.814003,-0.404042,-0.417312,0.327238,-0.274591,0.904165
-0.943812,-0.106710,-0.768362,-0.475460,-0.876810,-0.071707,0.811692,-0.405791,-0.420108,0.339257,-0.257948,0.904636
-0.949955,-0.112279,-0.770791,-0.482801,-0.871273,-0.088236,0.810360,-0.406290,-0.422191,0.331994,-0.275337,0.902202
-0.956403,-0.118309,-0.758193,-0.479281,-0.874116,-0.078803,0.810803,-0.406609,-0.421032,0.335989,-0.265686,0.903616
-0.976734,-0.116862,-0.771868,-0.481773,-0.872525,-0.081206,0.806018,-0.404866,-0.431764,0.343848,-0.273465,0.898324
-0.966715,-0.132766,-0.750242,-0.482542,-0.872377,-0.078167,0.812103,-0.412194,-0.413020,0.328090,-0.262779,0.907361
-0.987402,-0.130908,-0.756178,-0.483253,-0.871764,-0.080580,0.810197,-0.410442,-0.418473,0.331736,-0.267513,0.904648
-0.981422,-0.129599,-0.759263,-0.483856,-0.871485,-0.079980,0.809238,-0.410749,-0.420024,0.333193,-0.267954,0.903982
-0.977916,-0.128806,-0.756343,-0.483089,-0.871917,-0.079901,0.810463,-0.410768,-0.417637,0.331324,-0.266512,0.905094
-0.979890,-0.124121,-0.751034,-0.483335,-0.871771,-0.080011,0.809867,-0.410557,-0.418999,0.332422,-0.267315,0.904454
-0.977404,-0.128810,-0.758375,-0.485011,-0.870881,-0.079552,0.808919,-0.412210,-0.419206,0.332287,-0.267671,0.904399
-0.976446,-0.134361,-0.755501,-0.492849,-0.866837,-0.075445,0.804305,-0.420778,-0.419572,0.331955,-0.267467,0.904581
-0.971658,-0.123785,-0.749819,-0.505302,-0.860306,-0.067394,0.797064,-0.435371,-0.418500,0.330697,-0.265186,0.905713
-0.984397,-0.111371,-0.757439,-0.517404,-0.853555,-0.061119,0.788369,-0.447673,-0.421977,0.332819,-0.266517,0.904544
-0.997218,-0.107387,-0.767398,-0.525624,-0.848981,-0.054320,0.779661,-0.455191,-0.430036,0.340366,-0.268388,0.901176
-0.979462,-0.113907,-0.750449,-0.536208,-0.842624,-0.049650,0.777205,-0.469920,-0.418483,0.329292,-0.262983,0.906866
-0.980088,-0.111151,-0.752073,-0.544407,-0.837534,-0.046453,0.771835,-0.478477,-0.418727,0.328471,-0.263811,0.906923
-0.985906,-0.111040,-0.753387,-0.552985,-0.832151,-0.041606,0.764942,-0.487262,-0.421236,0.330259,-0.264763,0.905996
-0.983977,-0.108521,-0.749416,-0.563733,-0.825185,-0.035683,0.757270,-0.499120,-0.421216,0.329771,-0.264475,0.906258
-0.984424,-0.106068,-0.741415,-0.579278,-0.814707,-0.026256,0.744835,-0.515961,-0.423090,0.331147,-0.264643,0.905707
-0.978006,-0.102399,-0.739491,-0.598842,-0.800779,-0.011834,0.731418,-0.540833,-0.415366,0.326216,-0.257394,0.909577
-0.988962,-0.090854,-0.742207,-0.619530,-0.784969,-0.002014,0.711411,-0.560386,-0.424102,0.331778,-0.264177,0.905612
-0.984202,-0.082291,-0.732475,-0.641254,-0.767234,0.012010,0.694483,-0.586962,-0.416137,0.326324,-0.258509,0.909222
-1.001645,-0.070790,-0.744890,-0.662110,-0.749018,0.024111,0.671602,-0.607337,-0.424374,0.332507,-0.264789,0.905166
-1.000859,-0.062597,-0.743780,-0.681327,-0.731098,0.035886,0.652990,-0.629225,-0.421521,0.330753,-0.263761,0.906108
-0.981353,-0.077879,-0.717335,-0.699416,-0.712979,0.049772,0.642932,-0.658059,-0.391914,0.312179,-0.242111,0.918654
-0.976540,-0.063641,-0.711083,-0.717412,-0.694098,0.059563,0.624138,-0.678365,-0.387651,0.309473,-0.240930,0.919880
-1.010833,-0.038326,-0.732384,-0.726303,-0.683246,0.075220,0.601255,-0.684525,-0.412212,0.333132,-0.254164,0.907977
-1.005016,-0.039142,-0.715571,-0.733261,-0.675779,0.075169,0.600036,-0.695116,-0.395942,0.319820,-0.245225,0.915194
-1.008456,-0.041349,-0.711031,-0.733298,-0.675544,0.076903,0.597431,-0.694205,-0.401443,0.324578,-0.248433,0.912649
-1.017781,-0.039125,-0.712732,-0.734597,-0.674332,0.075125,0.595565,-0.693882,-0.404762,0.325071,-0.252594,0.911331
-1.047753,-0.023945,-0.735216,-0.735672,-0.673105,0.075600,0.586267,-0.688679,-0.426630,0.339231,-0.269538,0.901261
-1.048118,-0.031098,-0.723826,-0.735775,-0.673277,0.073023,0.590083,-0.690270,-0.418725,0.332323,-0.264998,0.905172
-1.057434,-0.034732,-0.717202,-0.736327,-0.672717,0.072617,0.589109,-0.690175,-0.420249,0.332827,-0.266661,0.904499
-1.079914,-0.024928,-0.731431,-0.736657,-0.672079,0.075128,0.580539,-0.685446,-0.439477,0.346859,-0.280129,0.895107
-1.063102,-0.056455,-0.693535,-0.735799,-0.673095,0.074437,0.597028,-0.696637,-0.397813,0.319621,-0.248269,0.914442
-1.069330,-0.059500,-0.684843,-0.737306,-0.671710,0.072006,0.596250,-0.697148,-0.398084,0.317596,-0.250576,0.914518
-1.089313,-0.055555,-0.691455,-0.736754,-0.672151,0.073523,0.592386,-0.694069,-0.409081,0.325994,-0.257838,0.909531
-1.089378,-0.060980,-0.680874,-0.737357,-0.671425,0.074106,0.594093,-0.696790,-0.401917,0.321494,-0.252331,0.912672
-1.112307,-0.054372,-0.693612,-0.736485,-0.672158,0.076109,0.589356,-0.692810,-0.415542,0.332038,-0.261185,0.906384
-1.115053,-0.062201,-0.678844,-0.736119,-0.672451,0.077057,0.591746,-0.694643,-0.409033,0.328581,-0.255499,0.909260
-1.123267,-0.065045,-0.671672,-0.737401,-0.671027,0.077210,0.590099,-0.695614,-0.409762,0.328669,-0.256597,0.908919
-1.131287,-0.078184,-0.670503,-0.737548,-0.671028,0.075789,0.593480,-0.697641,-0.401346,0.322188,-0.251032,0.912785
-1.137571,-0.075404,-0.666895,-0.737685,-0.670933,0.075296,0.594457,-0.698340,-0.398677,0.320068,-0.249338,0.913995
-1.138926,-0.078095,-0.661202,-0.738268,-0.669996,0.077879,0.594613,-0.700975,-0.393790,0.318428,-0.244415,0.915895
-1.160930,-0.080481,-0.658508,-0.735710,-0.672456,0.080829,0.593113,-0.697283,-0.402510,0.327031,-0.248190,0.911840
-1.163889,-0.089120,-0.647253,-0.736012,-0.672704,0.075853,0.598740,-0.699148,-0.390773,0.315907,-0.242197,0.917356
-1.185023,-0.084708,-0.661163,-0.734458,-0.674474,0.075208,0.595013,-0.693269,-0.406619,0.326393,-0.253894,0.910497
-1.202144,-0.084615,-0.662231,-0.733567,-0.675443,0.075208,0.595295,-0.691992,-0.408377,0.327878,-0.254801,0.909710
-1.210172,-0.096542,-0.644418,-0.729866,-0.679353,0.075986,0.601172,-0.690803,-0.401728,0.325406,-0.247527,0.912601
-1.219912,-0.104075,-0.634387,-0.730340,-0.679036,0.074251,0.601770,-0.691023,-0.400451,0.323229,-0.247783,0.913305
-1.248337,-0.095260,-0.644551,-0.730022,-0.679836,0.069931,0.599280,-0.685968,-0.412689,0.328531,-0.259364,0.908183
-1.255170,-0.107381,-0.636487,-0.726344,-0.683695,0.070601,0.605144,-0.684815,-0.405992,0.325923,-0.252166,0.911145
-1.274013,-0.105313,-0.639746,-0.719528,-0.690424,0.074785,0.606926,-0.677511,-0.415476,0.337523,-0.253558,0.906524
-1.276345,-0.118041,-0.625448,-0.715652,-0.695257,0.066772,0.614749,-0.672378,-0.412302,0.331552,-0.254017,0.908597
-1.283706,-0.126921,-0.613371,-0.710803,-0.700666,0.061844,0.622036,-0.667201,-0.409774,0.328377,-0.252800,0.910088
-1.297191,-0.132886,-0.621210,-0.705040,-0.706794,0.057959,0.629104,-0.661073,-0.408914,0.327333,-0.251838,0.910730
-1.310715,-0.136174,-0.618461,-0.698457,-0.713364,0.057169,0.634228,-0.654018,-0.412330,0.331531,-0.251737,0.909239
-1.319693,-0.144172,-0.614157,-0.692494,-0.719720,0.049526,0.642783,-0.646720,-0.410589,0.327539,-0.252496,0.910474
-1.338200,-0.149974,-0.615349,-0.682256,-0.729456,0.049193,0.650352,-0.636256,-0.414996,0.334020,-0.251140,0.908492
-1.341963,-0.167833,-0.602434,-0.671073,-0.740451,0.037310,0.667287,-0.625162,-0.404848,0.323095,-0.246786,0.913622
-1.362719,-0.156739,-0.615420,-0.659694,-0.751062,0.026609,0.670431,-0.604131,-0.430753,0.339598,-0.266326,0.902077
-1.358313,-0.179815,-0.596760,-0.642798,-0.765825,0.017900,0.690937,-0.589713,-0.418145,0.330782,-0.256415,0.908204
-1.378565,-0.182934,-0.610598,-0.625145,-0.780452,0.009291,0.705196,-0.569886,-0.421817,0.334502,-0.257145,0.906633
-1.378714,-0.194036,-0.613843,-0.612871,-0.790182,0.000663,0.715664,-0.555429,-0.423467,0.334984,-0.259056,0.905911
-1.382884,-0.196740,-0.616716,-0.609441,-0.792825,-0.002795,0.715204,-0.548245,-0.433488,0.342148,-0.266184,0.901155
-1.377889,-0.214329,-0.603384,-0.609848,-0.792516,-0.001760,0.719491,-0.552720,-0.420517,0.332294,-0.257718,0.907283
-1.387190,-0.215555,-0.606857,-0.610671,-0.791880,-0.002411,0.718332,-0.552666,-0.422564,0.333287,-0.259779,0.906330
-1.394978,-0.215779,-0.606638,-0.613202,-0.789922,-0.002279,0.716827,-0.555242,-0.421743,0.331878,-0.260247,0.906713
-1.402729,-0.211778,-0.606186,-0.613223,-0.789905,-0.002475,0.714528,-0.553363,-0.428066,0.336762,-0.264269,0.903744
-1.393142,-0.225519,-0.593076,-0.612213,-0.790691,0.001268,0.718389,-0.556899,-0.416872,0.330323,-0.254303,0.908964
-1.397277,-0.217908,-0.606043,-0.612435,-0.790520,0.000290,0.716611,-0.555330,-0.421995,0.333756,-0.258236,0.906598
-1.397088,-0.218865,-0.610469,-0.613000,-0.790080,0.001960,0.715572,-0.556239,-0.422559,0.334946,-0.257626,0.906333
-1.394610,-0.219314,-0.601979,-0.615986,-0.787754,0.001826,0.714513,-0.559686,-0.419791,0.331714,-0.257280,0.907619
-1.395336,-0.217249,-0.599959,-0.624165,-0.781267,0.006239,0.705686,-0.567172,-0.424646,0.335300,-0.260647,0.905338
-1.401870,-0.214010,-0.612105,-0.637436,-0.770377,0.013921,0.694504,-0.582292,-0.422612,0.333676,-0.259720,0.906204
-1.388612,-0.215160,-0.605176,-0.654620,-0.755445,0.027836,0.679761,-0.604348,-0.415559,0.330755,-0.253111,0.909140
-1.394133,-0.210488,-0.596751,-0.674365,-0.737322,0.039831,0.660345,-0.626341,-0.414299,0.330420,-0.253086,0.909269
-1.398204,-0.198774,-0.593983,-0.692601,-0.719534,0.050726,0.641127,-0.646301,-0.413827,0.330547,-0.254095,0.908941
-1.402973,-0.185497,-0.599775,-0.709123,-0.702315,0.062427,0.621708,-0.664577,-0.414508,0.332603,-0.255125,0.907902
-1.407571,-0.178438,-0.592129,-0.725421,-0.684524,0.072050,0.604535,-0.683679,-0.408805,0.329095,-0.252999,0.909773
-1.405612,-0.168849,-0.588787,-0.737152,-0.671007,0.079729,0.590982,-0.697409,-0.405416,0.327640,-0.251735,0.910648
-1.426063,-0.158091,-0.598731,-0.741879,-0.664196,0.091967,0.579635,-0.704200,-0.410033,0.337105,-0.250887,0.907422
-1.425715,-0.161105,-0.591644,-0.748490,-0.656773,0.091716,0.574011,-0.710913,-0.406342,0.332077,-0.251497,0.909106
-1.423555,-0.162395,-0.581878,-0.754817,-0.648685,0.097251,0.566107,-0.719136,-0.402948,0.331323,-0.249098,0.910041
-1.424641,-0.155318,-0.573347,-0.762971,-0.639038,0.097498,0.557941,-0.727161,-0.399924,0.326463,-0.250732,0.911348
-1.433279,-0.156873,-0.574177,-0.768638,-0.631630,0.101185,0.550197,-0.733477,-0.399118,0.326312,-0.251105,0.911299
-1.446719,-0.154116,-0.577284,-0.771198,-0.626996,0.110134,0.542624,-0.737911,-0.401307,0.332887,-0.249726,0.909298
-1.446939,-0.154353,-0.568019,-0.776256,-0.621214,0.107329,0.541174,-0.743962,-0.391985,0.323355,-0.246196,0.913689
-1.462190,-0.151630,-0.561710,-0.775900,-0.621376,0.108950,0.539905,-0.743391,-0.394807,0.326316,-0.247508,0.912281
-1.471824,-0.154791,-0.563816,-0.776479,-0.620491,0.109866,0.538815,-0.744176,-0.394819,0.326741,-0.247371,0.912166
-1.488287,-0.154563,-0.563608,-0.777180,-0.619547,0.110240,0.536277,-0.743732,-0.399087,0.329242,-0.251043,0.910262
-1.502392,-0.158270,-0.557005,-0.778084,-0.618750,0.108315,0.535110,-0.743209,-0.401620,0.329003,-0.254534,0.909378
